v
0.4533334 0.106667 58.02668
39.66667 0.106667 58.02668
39.66667 0.106667 39.89334
58.02668 0.106667 39.66667
58.02668 0.106667 0.4533334
0.4533334 0.106667 0.4533334
60.29334 0.106667 39.89334
60.29334 0.106667 58.02668
79.56001 0.106667 58.02668
79.56001 0.106667 0.4533334
58.02668 0.106667 79.56001
58.02668 0.106667 60.29334
39.89334 0.106667 60.29334
0.4533334 0.106667 79.56001
60.06668 0.106667 60.29334
79.56001 0.106667 79.56001
p
0 1 2
2 3 4
2 4 5 0
6 7 8
4 3 6
6 8 9 4
10 11 12
12 1 0
12 0 13 10
14 11 10
8 7 14
15 8 14 10
nvp
4
